
===================== Span-Based Correction ======================
Category       TP       FP       FN       P        R        F0.5
ADJ            10       389      364      0.0251   0.0267   0.0254
ADJ-GEN        0        2        70       0.0      0.0      0.0
ADJ-NUM        0        4        8        0.0      0.0      0.0
ADP            89       436      2151     0.1695   0.0397   0.1025
ADV            1        10       45       0.0909   0.0217   0.0556
CONJ           5        18       267      0.2174   0.0184   0.0687
DET            12       10       315      0.5455   0.0367   0.1446
NOUN           87       299      945      0.2254   0.0843   0.1689
NOUN-GEN       1        41       69       0.0238   0.0143   0.021
NOUN-NUM       0        1        71       0.0      0.0      0.0
OTHER          247      1037     1733     0.1924   0.1247   0.1736
PRON           14       59       1379     0.1918   0.0101   0.0415
PRON-GEN       5        16       161      0.2381   0.0301   0.1
PRON-NUM       0        1        167      0.0      0.0      0.0
PUNCT          45       12       54       0.7895   0.4545   0.6881
SPELL          33       224      134      0.1284   0.1976   0.1381
VERB           51       279      1551     0.1545   0.0318   0.0873
VERB-GEN       60       512      587      0.1049   0.0927   0.1022
VERB-NUM       542      1500     1024     0.2654   0.3461   0.2784
VERB-TENSE     895      303      1892     0.7471   0.3211   0.5904
WO             0        3        0        0.0      1.0      0.0

=========== Span-Based Correction ============
TP	FP	FN	Prec	Rec	F0.5
2097	5156	12987	0.2891	0.139	0.2378
==============================================

Precision   : 0.2796
Recall      : 0.1136
F_0.5       : 0.2164