
===================== Span-Based Correction ======================
Category       TP       FP       FN       P        R        F0.5
ADJ            38       77       336      0.3304   0.1016   0.2278
ADJ-GEN        39       75       31       0.3421   0.5571   0.3707
ADJ-NUM        3        11       5        0.2143   0.375    0.2344
ADP            808      1705     1432     0.3215   0.3607   0.3287
ADV            4        2        42       0.6667   0.087    0.2857
CONJ           10       2        262      0.8333   0.0368   0.1562
DET            16       3        311      0.8421   0.0489   0.1985
NOUN           157      412      875      0.2759   0.1521   0.2373
NOUN-GEN       1        35       69       0.0278   0.0143   0.0234
NOUN-NUM       2        3        69       0.4      0.0282   0.1099
OTHER          798      1935     1182     0.292    0.403    0.309
PRON           56       202      1337     0.2171   0.0402   0.1155
PRON-GEN       106      224      60       0.3212   0.6386   0.3567
PRON-NUM       0        3        167      0.0      0.0      0.0
PUNCT          91       14       8        0.8667   0.9192   0.8767
SPELL          38       249      129      0.1324   0.2275   0.1445
VERB           152      487      1450     0.2379   0.0949   0.1828
VERB-GEN       360      1059     287      0.2537   0.5564   0.2847
VERB-NUM       1138     2096     428      0.3519   0.7267   0.3924
VERB-TENSE     1801     561      986      0.7625   0.6462   0.736

=========== Span-Based Correction ============
TP	FP	FN	Prec	Rec	F0.5
5618	9155	9466	0.3803	0.3724	0.3787
==============================================

Precision   : 0.3615
Recall      : 0.3200
F_0.5       : 0.3523