
===================== Span-Based Correction ======================
Category       TP       FP       FN       P        R        F0.5
ADJ            34       87       340      0.281    0.0909   0.1981
ADJ-GEN        46       73       24       0.3866   0.6571   0.4212
ADJ-NUM        3        18       5        0.1429   0.375    0.163
ADP            845      1996     1395     0.2974   0.3772   0.3106
ADV            4        2        42       0.6667   0.087    0.2857
CONJ           9        5        263      0.6429   0.0331   0.1372
DET            15       5        312      0.75     0.0459   0.1843
NOUN           166      73       866      0.6946   0.1609   0.4175
NOUN-GEN       1        5        69       0.1667   0.0143   0.0532
NOUN-NUM       2        0        69       1.0      0.0282   0.1266
OTHER          819      914      1161     0.4726   0.4136   0.4595
PRON           61       209      1332     0.2259   0.0438   0.1233
PRON-GEN       112      266      54       0.2963   0.6747   0.3337
PRON-NUM       0        4        167      0.0      0.0      0.0
PUNCT          89       9        10       0.9082   0.899    0.9063
SPELL          37       41       130      0.4744   0.2216   0.3862
VERB           152      465      1450     0.2464   0.0949   0.1867
VERB-GEN       353      895      294      0.2829   0.5456   0.313
VERB-NUM       1096     1991     470      0.355    0.6999   0.3938
VERB-TENSE     1756     588      1031     0.7491   0.6301   0.7219
WO             0        1        0        0.0      1.0      0.0

=========== Span-Based Correction ============
TP	FP	FN	Prec	Rec	F0.5
5600	7647	9484	0.4227	0.3713	0.4113
==============================================

